Y	G1	G2
-0.178140526933927	0	1
0.69324730761758	1	1
-0.0297976295809084	1	0
0.847931863144572	0	1
-0.879747048425307	0	0
0.614264566988109	0	0
0.687306505065765	0	0
-1.09466043486173	1	1
0.110504828947098	0	0
-0.7297600632471	0	0
0.961780743653442	1	0
0.20103725230762	1	0
0.599904571500956	0	0
0.683807538756543	1	0
0.651983406291461	0	0
0.431346754928715	1	0
-1.37811370835232	1	0
1.40447483141696	1	0
2.91828957322887	1	0
0.549668116969308	0	0
0.376857902825196	0	2
1.27881823794704	0	1
-0.18277764560667	0	0
1.58455496614618	0	0
1.98498015694036	0	0
0.703236616617389	0	0
-0.644306445608978	1	0
1.04412164146121	0	0
0.0432556675340555	1	1
-1.37695641334741	0	1
-0.849604334798537	2	0
-0.00139118306099179	0	0
-0.993140844302234	1	0
2.83686591124229	0	1
1.39788695062001	1	0
0.387845266380232	0	0
0.924635826899322	0	0
1.48359180100609	0	0
0.31014355008396	0	0
-0.717888705161631	0	1
0.352564899414682	0	0
-0.416439417763512	1	1
-0.899023447296275	1	1
0.38163283923219	1	0
0.422996203149561	0	0
-0.0824674817116494	0	2
-1.47344498067172	1	1
-0.0791347539496794	0	0
0.416906064978728	1	0
0.157709621848072	0	1
-1.357418579965	1	1
-1.91145263583476	0	1
-1.18992400409612	0	0
-0.314650400904676	1	0
0.825420480043606	0	0
0.415941180645227	1	0
-0.244320824028183	1	0
1.36693909252076	0	0
0.605798272061504	0	0
1.81870439603659	0	0
0.0307910148093727	0	0
1.0712259044774	1	0
-0.453210701118116	0	1
-1.03020759950662	0	0
-0.564784700146117	1	0
0.761335342289853	0	0
-2.1428912485341	1	1
1.14035755728196	2	0
-0.945670201341974	0	1
1.86586598842493	1	1
-1.22557252036332	0	0
0.140737281048186	1	0
0.205373457624865	1	0
1.23005546870078	0	0
-1.22838161794902	1	0
1.35695478262075	1	0
-0.406741454336711	0	0
-0.617176853375717	0	0
0.46867892051176	0	0
0.493783770497424	1	1
0.409666944846087	0	1
0.199192961161086	2	0
-0.303371264113459	0	0
1.74821271363957	0	0
0.371118807406377	0	0
1.42881347554391	1	1
-0.542265948950586	2	1
-1.50301142769991	1	0
0.367059676661143	1	1
2.51506648926572	1	0
0.155244129557048	0	0
-0.463181094102961	1	1
0.420048564446042	1	0
1.89420880923239	1	0
0.467417279417452	0	1
-0.343060322472253	0	1
2.24102062371361	0	0
2.46015520356592	1	0
-0.47288319308053	0	0
-0.203965950287423	0	0
-0.418648629186649	0	1
0.553106730764712	1	0
-1.55145531448067	0	0
-0.551159425997604	0	0
1.27536554090347	0	0
-0.365958879537425	0	1
-1.37110969079834	0	0
0.235620358982354	0	0
-1.27263016664212	0	1
-0.394317211401639	0	0
0.558122171160591	1	0
-0.553622674528453	1	0
1.09283267575211	0	0
1.2379479494941	0	0
-0.0973784322557705	0	0
-0.643596409070499	0	0
-0.365038601236041	1	0
0.921343268687501	0	0
0.334192055666176	1	1
2.13607436469783	1	0
-0.0537832827390841	2	1
1.48119125349574	1	0
2.48836010205787	0	0
-1.06528264246633	0	0
-0.136203142978329	0	1
0.014082126931918	0	0
0.314322094490834	1	1
-0.415479820906995	0	0
-0.00172195393790056	1	0
1.45808975477764	0	0
-0.191637400377334	1	0
1.77006119085256	1	1
1.14569536024686	0	0
-1.97275322906533	1	1
-1.06614931346942	0	0
-1.40370332015156	0	0
0.917854253236494	0	0
1.53590620018153	1	0
2.50293754559918	1	0
0.898317368092896	0	0
1.40473258178636	0	0
0.854448758432963	1	0
-0.846538962518086	0	1
-0.699512457913195	1	2
0.257785492640243	0	0
-0.786488426054388	1	1
-0.344358080935724	0	0
0.704345939595663	1	0
0.232317587048201	0	2
-0.507606641616887	1	1
0.322822763417341	1	0
-2.75878462446275	0	1
-0.949528436481611	0	2
0.740864387571783	1	0
1.55349821855142	1	2
-0.706772301903688	0	0
-0.0196046974675855	1	1
0.604495818738448	0	0
-1.50415291409634	1	0
0.512528122222346	1	1
0.145173125029396	0	1
1.53113166540724	1	1
0.309578628793338	2	1
-1.4109084771318	1	0
-0.670619892108685	0	1
-1.98354902763767	0	1
-0.285523864508052	1	1
0.235133515910077	1	0
-0.0991023256382849	2	0
0.122420110060323	1	1
0.216316196988436	1	0
-1.42456198587371	1	0
-0.665109372884598	0	1
0.379203574577791	0	1
-0.0287178317750744	1	1
0.785033322463771	0	0
0.614706804351729	1	1
-1.14553744985444	1	1
0.489984696085161	0	0
1.54938656946167	0	0
0.211274648236078	2	0
1.68319402800325	0	0
1.28424506804466	0	0
-1.37688620985416	1	1
-0.724032674999197	0	0
0.639346831656054	0	0
1.12739670202978	0	0
0.88149285522949	1	1
1.1935460916792	0	1
-0.641444803383261	0	0
-0.559461236739429	1	0
1.05702236710714	0	0
-0.977902976690061	1	1
-1.87247562349712	0	0
-1.16159779640961	0	1
1.17376191383493	1	0
-0.0423128874665362	0	0
-0.858049027376778	1	1
-0.451866764054647	1	0
-0.258688794549831	0	2
0.932032282433629	0	0
-2.28050465959819	0	0
0.122168511700779	0	0
1.14429118362719	0	0
1.41289523602611	2	0
-0.462399964278369	0	0
0.486823553149453	0	1
1.17352500531479	1	0
-0.388703871558218	1	1
-1.03900812943611	0	0
-0.111119015368406	1	1
-0.58807666230574	0	1
0.99474756042557	1	0
-1.96157501750682	2	1
0.706535237739049	0	1
-1.16291786474125	1	0
1.89229865239592	0	0
0.614605796933445	0	1
1.04570294539453	1	0
-1.66599655239678	0	0
-0.483073107007844	0	1
0.451038779850694	1	0
-0.740067442166161	0	1
0.193117986192498	2	1
-1.12274305874951	1	1
-0.590116195202476	1	1
-1.29017628603008	0	1
-2.03551155332873	1	0
-0.845788334179363	0	0
-0.51553651094126	2	0
0.327970718522882	2	0
0.26538068586875	0	0
1.53587345545059	0	1
-0.252764464409295	1	0
-0.442843820486004	1	0
0.947919478657529	1	0
0.370427309381116	0	1
0.0813995162265942	0	1
2.42878504401929	1	1
2.43488996809686	0	0
0.948175683588129	0	0
1.96782148180866	0	1
1.53662700307385	2	0
0.70395422378897	1	1
1.02761000213943	2	0
-0.325447744090457	0	1
0.416623660475556	0	2
1.16323765215062	1	1
-1.53687220475485	1	1
-3.15369721361975	0	0
1.00330474981829	1	2
-0.269747606152591	1	0
-0.633015371084164	0	0
-1.24381682583804	1	1
0.928705556622274	2	1
0.793725822020346	2	0
0.0523148490999938	1	0
-0.0363088584240271	0	0
0.72960621524911	1	0
0.400166971121887	0	1
-0.558799412401574	2	0
0.709706698803279	0	0
1.23904950743603	1	0
0.286132191818103	0	2
-0.537362069258891	0	0
3.10007296450143	0	0
-1.26321406455813	1	0
0.662550645462957	0	0
-0.780365686665754	0	0
1.8982907000707	2	0
0.692212814308682	1	0
0.672243319824027	1	0
0.866612390669441	0	0
0.231599277950366	0	0
2.00435110421744	1	0
1.89566416553525	1	0
0.00653705156171317	0	0
0.0269461830322857	2	0
0.297860935303435	1	2
-0.546889772401783	0	1
-0.957721234447988	1	0
-0.313339066693918	1	0
-0.197015566090114	0	0
1.1948239250367	0	0
1.10302850923862	1	0
-0.612060888338115	0	0
0.29296829341518	0	1
0.340016472451931	1	1
-1.61057968264175	1	0
2.56635935328528	1	0
2.03060289917047	1	0
-2.66433640538345	0	0
0.777705224770113	0	0
-1.06214318198895	0	0
-2.23655909046059	0	0
-0.465530684879143	1	0
-2.40562048140781	0	0
1.48486087055239	0	0
-1.20199293686137	1	0
-1.08367034241733	1	0
0.882752357287017	0	1
0.0676723217962882	0	1
-0.308535950333321	0	0
0.251064048056675	0	1
-0.446546353380809	0	0
-0.341831053181349	1	0
-0.373493390124751	1	1
-0.218348802092643	1	1
-0.158367688460724	1	1
1.2587896737158	1	1
1.2335396575614	1	0
0.260863537088146	1	0
-0.142566330282306	0	0
-1.68993604506968	0	0
-0.270024759028492	1	0
0.726690646459863	2	0
-2.0817563651288	1	1
0.150421921572749	1	0
1.34719236447576	1	1
0.494267920717014	2	1
0.327525016080306	0	0
-0.840346566475016	0	0
-1.19120677625702	0	1
-0.689187788895771	0	1
-0.19155108706876	0	0
-1.53939798075098	1	1
1.41467733586931	0	0
0.754939891000422	1	0
-0.780757563850966	0	1
0.305257219610128	1	1
-0.607227722554974	1	0
0.338432357467144	0	1
-0.908454946206629	0	1
1.251338790293	1	0
1.35263253264383	1	1
-1.38062768704888	1	0
0.759877828045454	0	0
0.448972852005445	1	0
-0.339276905589777	2	0
0.493771371438369	1	0
-0.175249820714534	0	1
1.04204237700649	2	0
1.07522798630384	1	0
0.423965049766139	2	0
0.286818870270987	1	0
1.01980151644624	1	0
0.0107370402590952	1	1
-0.105403307228032	1	0
2.32318186172346	1	0
0.121067510205371	0	0
-0.0385056983277244	0	0
0.0603574321228187	0	0
1.65746117711081	0	1
0.558170800925425	1	0
1.67325150874915	1	1
0.316307176556455	0	1
0.552876757634021	1	1
-0.539893624458212	2	0
-0.363500618689639	1	0
-1.24781312341419	1	0
-1.00381806982706	1	1
0.129264794127612	0	1
1.72346046298642	0	2
1.30295102360118	0	0
1.52330641166288	2	0
0.751814862741897	2	1
-0.87698706224563	0	0
0.0183512858974377	1	1
0.0136172559593314	1	0
1.04956315925983	1	0
-1.51384206756641	0	1
-2.16789260298315	0	0
-0.487559559106696	1	0
-0.364640392102856	1	1
0.355503849132842	1	1
2.02736764936287	2	0
2.15846211887447	1	0
-0.297640228634401	0	0
-0.309675194062308	0	1
-0.190123820734767	0	1
-0.63081421098288	0	1
-0.222803002442368	1	0
-0.480115022218421	0	0
0.0496945441844315	0	1
-0.89165453847755	0	0
1.13652899010466	1	0
-0.541780827284246	0	1
1.42803193883716	1	0
2.71516338489357	0	2
1.97707705277253	1	2
0.288334443963818	1	1
-0.555914868987038	0	2
-0.25876348717363	0	1
-0.330809876387551	0	1
-1.4166795931078	0	0
-0.186941221991783	0	1
-0.00363286793465305	0	0
0.862186537760666	0	2
0.748873616236306	1	0
-2.1914145593707	0	0
0.888493898310556	1	1
2.28843226209809	0	1
0.133903642746961	1	0
0.39038584315652	0	0
-1.27742736487988	1	1
0.742046412244525	0	1
-1.07733444347712	0	1
1.46067357810777	2	0
1.1043191852229	2	0
-0.257060340588809	0	1
-1.19979630030729	0	0
0.933311870122912	1	0
1.5732268659742	2	0
-0.194817511029926	0	1
-0.977470979239348	1	1
0.14824252613442	0	1
0.377195007901398	0	0
0.851446426358272	1	1
-0.542571294261391	0	0
-1.29493595683885	0	1
1.5502734811261	0	0
0.211225109489318	1	0
0.935098878171779	1	0
1.20979265927566	0	0
-0.718851933866824	0	0
-0.05398855801945	1	0
0.441438525357899	1	0
0.401947098699347	0	0
-0.538273714609601	1	1
-1.41982269458975	1	1
0.194352852656989	2	0
-0.145509182112997	0	0
-0.265540372737698	0	1
1.25880918428964	0	0
-1.7806597588897	1	0
0.565939157220483	0	1
-1.85809686605667	0	0
0.999453075498374	0	2
1.00522167944227	0	0
2.45299095542293	1	0
-1.05772165382672	1	0
-1.50775766379127	0	0
1.59662151464447	0	1
1.53335886884057	1	0
-0.215934082114706	0	0
1.58354687325875	2	0
0.897174692917675	1	1
0.0638909478780669	2	0
2.35152877241185	1	1
-0.652981088527798	0	0
0.67429981762875	0	1
1.25232693581663	1	1
1.38622246749473	0	0
-3.02431512284226	0	0
0.984568147987284	0	0
0.587581959000511	0	2
1.60667570413189	1	0
0.28867647218597	1	0
-0.87284142708752	1	1
2.41754014830562	2	0
2.40430286302802	1	0
-1.27774579064914	1	1
0.629929989298809	1	1
-0.522179421685954	2	1
-0.41971936203723	1	0
0.380565966082776	0	0
-0.571299550988502	0	0
0.15380257076062	1	0
0.138383892999147	0	0
0.244207646305416	1	1
-0.200607647630327	1	0
0.251121141112884	1	0
-2.50006136725825	0	0
-0.106099068277416	0	0
1.41930519390883	2	0
-1.7769064441733	1	1
-1.65080795117877	0	1
0.197132862625295	1	0
0.904343049091376	2	0
-0.113582537627385	1	0
-1.84816231995499	0	0
1.95592875709508	1	0
1.74892789315805	0	0
2.43642631263368	0	0
-0.343258431537073	0	1
-0.727984365265694	1	0
2.66426223193141	0	0
0.463833014442113	0	0
-0.381236513951019	1	0
-1.18926203958664	1	0
-0.170473425389692	1	1
0.611002958833637	1	0
-1.96904395534534	2	1
-1.04150655825133	0	1
0.587328891602329	1	1
-0.707600173847613	1	1
1.04045912592009	0	1
0.224372354363585	1	1
-2.69537034512117	1	1
1.56868626539605	1	1
-0.61691427833204	0	0
-0.0115312003338889	0	1
-1.08594038087531	0	1
-0.126441389910097	0	0
0.965051692385693	1	0
0.669364174122823	0	0
1.22929199533487	0	0
0.825214970818665	0	0
1.94158225291449	1	1
-1.10220208853246	1	0
-0.679233339003407	1	0
2.74374292832945	2	0
-1.7074003756062	2	0
0.273698243232206	1	1
0.0415657716933211	0	2
-1.04719726187365	0	1
0.502920301894865	0	1
-0.50497739598516	2	2
0.362129485747078	0	1
-0.389531614779824	2	0
-0.661238895120872	0	0
-1.25663505971417	0	0
-0.0160456738686267	2	1
2.0717534125873	2	1
0.48890237760335	1	0
1.47761148958636	1	0
-0.209571663706368	2	1
-0.269090691515072	0	2
0.253681340110944	0	1
2.67982651165032	0	1
2.31716265245931	0	0
-1.97097034239043	0	0
1.13514607852482	0	0
-0.292085419152348	2	1
-0.951369205315534	0	0
-0.232824223259702	0	1
-0.0727519302879853	1	0
-1.29301173894123	0	0
-1.12723951942943	1	1
-1.18186284625134	1	0
-0.42791958825439	2	1
0.197275298852535	0	0
0.404859281056007	1	0
-0.310225801694191	1	2
-0.911737118902701	1	1
0.749085911370885	0	1
1.55829314043625	1	0
2.4122108078536	1	0
0.378705196022646	1	1
0.337155925315153	0	0
-0.766169651136002	0	0
0.0663560434427193	0	0
-0.916627136708593	0	0
0.397531186388331	0	0
-0.357163861450882	1	0
-0.925832971887936	1	0
0.534977993996005	0	1
-0.0537320166336461	1	1
-1.22442585458978	0	0
0.91184601274626	0	0
-1.21856341816144	1	1
0.0762900506340441	0	1
0.0321936499761506	2	1
-1.46232636188593	1	0
0.757077975214496	2	1
0.669315445137734	0	0
-0.519531858185948	2	0
1.15606690413121	0	0
-0.669495195428844	1	1
-0.573738398320827	0	1
0.609951048951707	1	1
-0.0604668751001227	0	0
-0.169794431058033	1	0
1.74291605868971	1	0
-0.230070672757369	1	1
-0.00647026615421359	2	0
-0.422130824932597	1	0
-1.36392406876903	0	0
-0.0967506858285604	1	1
-0.463100273261924	1	0
0.349247408249756	0	0
1.0143745682346	0	0
-0.240073478865767	0	0
-1.32924072146252	1	0
-1.30512497433267	1	0
-0.646208156267458	0	1
0.0883747206132171	2	1
2.59849026475059	0	0
0.11494933922095	0	0
-2.17066649326398	0	0
0.882343109019929	2	1
0.461727367972995	1	1
1.27160526583274	2	0
1.03525044001955	1	0
1.94491011375763	0	0
0.512529929113509	1	0
0.0506002160069674	1	0
0.169495687812413	0	0
-0.790840001937161	1	0
-0.394917873348712	1	0
-0.515196163887143	2	1
-0.453270923415494	1	1
-1.23811521678173	2	0
0.92015472570809	0	0
-2.39368248085649	0	0
-0.292212348343893	1	0
2.25114175036585	1	0
0.918197940558293	0	0
-0.59808754413123	2	0
-1.05334956429751	0	1
-0.443417098704621	0	0
0.351358084511584	2	0
-0.726953545447875	1	1
0.604124208813906	0	0
-0.262798694758497	1	0
-0.558272136926759	2	0
0.755428403972057	0	0
-0.246290187335741	0	0
-0.468229967857339	0	1
-0.571237367393957	0	0
1.8488012217033	1	1
-0.76062698880231	2	1
-1.69150947932071	1	2
2.63495822952364	1	0
0.115755721772488	1	1
1.42750101010475	2	0
0.853345271602162	1	1
1.43172627816232	2	0
-0.104808905745831	0	0
0.753712366062749	1	0
1.40569067731669	0	0
0.518111389282857	0	2
1.42382546674932	0	2
-1.66307170070582	0	1
-0.872311687704913	1	0
-0.45195746503914	1	0
0.419933987108102	0	1
-0.669974670532012	0	0
-1.39563666067053	1	0
1.67405344457956	0	1
1.52859751744326	0	1
0.849920519988824	1	0
1.02529352693111	1	0
1.44647147529923	1	0
1.02705361480204	0	0
0.456323202308652	0	0
-0.683011774920982	0	1
0.394058799644621	1	1
0.382561198298995	0	0
-0.762513372860356	1	1
0.532477837349683	0	0
2.11340745074875	0	1
-1.52288768817018	0	0
-0.441822908131407	0	1
1.8690817772523	0	0
-0.70762776353556	1	1
-1.53971618428868	0	1
1.49917658056483	0	1
0.0917258916695949	1	1
1.34217418025229	0	2
0.447658878967944	0	1
0.382291745001833	0	1
-0.343949772134914	1	0
-0.425024124018809	0	0
0.0539044715388756	0	0
0.272211562967091	0	1
-0.883192154327433	0	0
0.654286907991409	0	0
1.46386423115441	1	0
-0.670481763033924	1	0
-0.747201784078259	0	0
1.72257891905018	2	0
-0.344479831861696	0	0
-1.47542433626996	0	0
-1.34192449597393	1	0
-1.83097206353969	1	0
-0.264386076780016	0	0
-1.00541243912419	0	0
1.97804296666199	1	1
1.22720850513904	0	1
-0.474689531116703	1	0
1.88704329520001	0	0
0.903249542431175	2	0
0.28814107346709	0	0
0.248352353554062	1	0
0.355130180520054	1	1
0.548106243215945	0	0
-0.71108795037046	0	0
-1.3031788183346	0	1
0.421802496810335	1	2
0.973515856028009	1	0
-0.566147366123242	0	0
0.0881896084985799	0	0
-0.875661221318834	1	1
-1.12184720970219	1	0
0.251942383595587	0	0
0.323698078506225	2	0
1.14902700218684	1	0
0.767138074909751	0	0
0.409183466299461	0	0
-0.282837920756378	0	1
-0.744790218578497	0	1
1.09922669945358	0	0
-0.0637751413915726	0	0
-0.892652480239296	1	1
0.478517644937403	1	0
-0.958069094460596	0	0
1.02849830366424	0	1
-0.671334071020823	0	1
0.89321066259356	1	0
1.17991473613373	0	0
0.727464098586531	2	1
1.00929625485481	1	0
-0.00511526117942468	1	0
-1.11312967903772	0	0
0.0878562912910574	0	1
-3.81496801031612	1	1
0.175898186558984	2	0
-0.914958508778638	0	0
0.9261641231392	0	1
-1.08687383276475	1	1
0.352033075695574	2	1
0.538785825523734	1	0
0.291380458678573	2	1
-0.365821922645392	2	0
-0.410254221433351	1	0
0.122715887763188	0	2
0.991311097485892	0	0
1.22113710069674	1	0
-1.04816210177802	0	1
0.997831704085963	0	0
-0.951967033602377	0	0
-2.20594210525151	1	1
0.0326569546737685	1	0
-1.34947163245135	1	1
0.02973640014997	1	0
0.317062143874874	1	1
-0.828340057008342	1	1
1.86746131032539	1	0
1.25322816370691	1	0
2.05862470842328	0	0
-0.502162000066421	0	0
-1.07290234632809	1	1
0.335714530888629	1	0
-0.6173996229097	1	0
0.47095305877798	0	0
1.22428238747839	1	0
-1.19896537889158	1	0
0.119030997496847	2	0
-0.434118905577056	0	0
0.658822453356258	1	1
0.682583568177323	0	0
-0.465663958327301	1	0
-0.874865411531697	1	0
0.0333247171190576	1	2
0.767208656811716	1	1
0.364750469607676	0	1
0.37736268824299	1	1
1.64047734762282	0	0
-0.196262551641027	0	0
-0.880576888085149	1	2
-1.51121972885493	0	0
-0.525772507704154	0	0
0.338522474580149	0	0
-0.830516998186313	0	0
-1.24594698900055	2	0
-0.675025229308256	1	1
2.18918405813113	0	0
-1.23221161492243	1	1
1.99264080866698	1	0
-1.15082366009278	0	0
1.13319732718832	0	2
0.232942223739562	0	1
-0.653174661901843	2	0
-0.093137199600633	0	0
-0.567262390532266	1	0
-1.09056804432745	1	1
1.01288313792026	2	1
1.88563344953182	1	1
-0.907133969182891	0	0
1.83659204037823	0	1
-0.286221158220822	1	1
-1.60931949455026	1	1
0.513077846179327	0	0
0.526000189115001	1	1
-1.16053407439167	0	0
-1.3019630788446	1	0
0.757768401263579	0	1
-1.48345734319783	0	0
0.442380390021817	2	0
1.0356640823047	2	1
1.39131589066788	1	1
-0.756846669596172	0	0
0.179267815333556	0	0
-0.703679999901255	2	0
-1.20092716519493	1	0
1.26760321228232	0	0
0.752298987280701	1	0
-2.0039869906905	0	1
0.679644995691517	0	0
0.388053853921596	1	0
1.25767873654523	2	0
-0.458548687044758	0	0
1.35149391415824	0	1
0.463665382620149	0	0
-1.31502581490138	1	0
3.03855870436559	0	0
0.00935344468550652	0	1
0.656440950083139	0	1
1.22656398371467	0	0
-1.45144915502863	1	1
1.516932564185	0	1
-0.728031286742744	1	2
-1.10324164373308	1	0
0.207631751562176	1	1
-0.483275417420669	1	0
0.794440065976058	0	1
1.19442655999186	1	1
1.05787617678064	0	0
0.525344651244947	0	0
0.867638028863944	0	0
-1.04210904260384	0	0
-1.37365045274416	1	0
0.124627830660106	0	1
-0.152758635826306	0	0
0.471891750758773	0	0
-1.84620487093837	2	0
0.797587358996102	1	0
1.17276027570897	1	0
-0.427990125087484	1	1
-0.125819672022751	1	0
-0.646548273283802	2	1
-0.801186042482139	2	0
-2.17958210588367	1	1
-0.165560470151578	1	0
0.102624275947047	1	0
-1.61825528258746	1	1
0.883148193789111	0	1
-0.0622025715163763	0	0
-1.069573679172	0	1
2.48558759315768	1	0
-0.836523878847159	0	0
1.92669375515415	2	0
-0.280882748366024	0	0
0.251513126344806	0	1
0.260576711333816	0	1
0.629698050950443	0	0
0.622171265098581	0	1
-0.0479492625816857	0	0
1.19942135824685	0	1
0.923945811882762	2	1
0.0458779987291055	2	1
-0.751687129136904	0	0
-0.603647672055575	2	0
0.794931187964166	2	0
0.537526546637496	1	0
0.638786353408844	1	0
0.470305838437277	1	0
-0.215793419492926	0	0
1.94021539055246	0	1
0.144792644722424	0	1
-0.447601058313465	0	0
1.04685727481532	0	0
-0.303683503495066	1	1
-1.6252580218272	0	0
-0.551211077177058	2	2
0.631028696179166	0	2
2.34193340929461	2	0
0.132668328663502	1	0
-0.69303106368742	0	0
-0.510455848624848	0	2
0.950535931791915	1	0
1.34966181683292	1	0
0.263375142776975	2	1
-0.659929133437172	1	0
-0.296083369587262	1	1
-1.20904178698656	0	0
1.12784585097833	1	0
0.010463207459718	1	2
-0.848879100607167	0	1
2.00549129619072	1	0
-0.365437682134475	1	0
-0.391303484862665	1	0
-0.369687149589023	1	0
1.5885862718404	1	1
1.01886949513656	1	1
0.0941294453961851	0	0
1.23540751244474	1	0
-0.204757221122214	1	1
0.483530669287213	1	0
0.7638685529377	0	0
-0.786843345783892	0	0
0.932851284702306	1	1
-0.238823699914786	0	1
-0.305048844363369	0	0
2.11662903929106	0	0
-0.659843996610689	1	0
-2.17279317385723	0	0
-0.0523740890754385	2	1
1.68294455339294	1	0
-0.784009177553246	0	0
-0.541011706888651	1	0
0.54154219887147	1	0
-0.856376798142599	0	1
1.23475787024559	0	0
0.502128779189983	1	2
-1.07769150455453	1	1
-0.68566174952221	0	1
-0.565848126944673	0	0
-0.24213255726783	0	0
-0.914795434206723	0	1
0.600942531450251	1	0
0.673333668052675	0	0
-0.173438892147084	0	0
0.458453853615553	2	1
1.08987496420124	1	0
0.321817554663827	0	1
0.0263533519674009	0	2
-0.538918286403835	1	0
-0.678828053664007	2	0
-1.37621522973498	1	0
0.829914504139304	1	1
0.730887239470837	0	0
0.90050827648905	1	0
1.45272649884813	1	1
-0.885426882735191	0	1
0.657175774299869	1	0
1.68905642084858	0	1
0.528700004547764	0	0
-0.689024616172636	0	0
1.81197804578309	2	0
1.6611721181901	1	0
0.546322269682848	2	0
0.692671044287747	0	1
-0.00838622125941151	1	1
-0.985234087244543	1	1
-1.39384158418248	1	1
0.90573899778211	1	0
-1.19681076520164	0	0
-0.909307396672548	1	1
2.61586354930016	0	0
0.854982847958917	0	0
2.50936322934164	0	0
0.0728167388298848	1	1
0.382336237299422	2	0
-0.492604856231446	1	0
0.571905271876122	1	0
-0.480927555002608	0	1
-0.100134395263815	1	0
0.693607081812522	1	0
-0.14356861950761	0	0
0.0890821183853027	0	0
-1.3938713316998	0	1
0.382562873104864	2	1
2.37217316725155	2	1
0.00139123776557851	0	1
1.39342168258238	1	0
1.88939862705646	0	0
1.45675480405315	2	0
0.767910287461463	1	0
1.0764280047302	0	1
-2.83301272803667	1	0
1.07487971204419	1	0
-1.11377356750644	1	0
-0.631258830251833	2	0
-1.81662935436354	1	1
0.501695880804072	1	0
-1.36023534574183	0	2
0.367926063247155	0	0
-1.22719102162999	0	0
-1.4302867230217	1	0
0.743496542848394	1	1
0.826360641549868	2	0
1.68425088174738	0	1
-1.11868867819206	1	0
-0.0837126565181191	0	0
-2.29973140846171	0	1
2.04877564173856	0	0
0.0955863090563198	1	1
0.113521718250022	1	0
0.512223278661831	1	0
0.57701863726803	2	0
-0.126867909983558	0	0
-0.271885526280262	1	1
-0.0323112077698673	0	0
-0.221434353951404	1	0
-0.317976345893259	0	0
-0.0154753044221265	1	0
1.66603786503046	1	0
1.72289948552721	1	0
0.370103172653953	2	0
0.34954512621265	2	0
1.5134930087411	2	0
1.42751169950422	0	1
0.426012634406779	2	0
-0.911534962541775	1	2
3.39014309445933	1	0
1.78403319558209	2	0
0.190932607752757	1	2
1.72924549076921	0	0
